gene    res     amino_acid      aa_name AA      EUR     LAT	ALL     Current McLaren_2015_Euro       McLaren_2012_AA joint_beta      joint_se        joint_P aa_beta aa_se   aa_P    eur_beta        eur_se  eur_P   lat_beta        lat_se  lat_P
B	97	N	Asn	0.011	0.047	0.040	0.035	1	1	1	-0.539	0.040	1.89E-41	-0.554	0.124	7.80E-06	-0.510	0.043	8.02E-32	-0.877	0.229	1.57E-04
B	97	R	Arg	0.428	0.495	0.480	0.479	1	1	1	NA	NA	NA	NA	NA	NA	NA	NA	NA	NA	NA	NA
B	97	S	Ser	0.208	0.236	0.199	0.228	1	1	1	-0.002	0.018	9.13E-01	-0.158	0.034	3.74E-06	0.058	0.022	9.62E-03	0.104	0.111	3.49E-01
B	97	T	Thr	0.064	0.131	0.140	0.110	1	1	1	-0.147	0.024	1.29E-09	-0.071	0.055	1.97E-01	-0.168	0.028	3.23E-09	-0.053	0.118	6.57E-01
B	97	V	Val	0.061	0.051	0.045	0.055	1	1	1	-0.877	0.033	1.37E-150	-0.774	0.054	2.26E-44	-0.941	0.043	2.19E-104	-0.966	0.187	4.49E-07
B	97	W	Trp	0.083	0.041	0.055	0.052	1	1	1	-0.226	0.034	1.56E-11	-0.055	0.050	2.72E-01	-0.375	0.047	1.51E-15	-0.439	0.186	1.89E-02
B	67	C	Cys	0.092	0.134	0.161	0.122	1	1	0	-0.226	0.025	4.81E-20	-0.111	0.052	3.28E-02	-0.254	0.029	8.67E-19	-0.358	0.124	4.11E-03
B	67	F	Phe	0.239	0.251	0.250	0.247	1	1	0	0.092	0.019	1.39E-06	0.041	0.036	2.57E-01	0.105	0.023	3.99E-06	0.209	0.106	4.94E-02
B	67	M	Met	0.170	0.065	0.086	0.100	1	1	0	-0.453	0.027	1.49E-61	-0.289	0.041	1.98E-12	-0.693	0.039	4.24E-69	-0.633	0.163	1.25E-04
B	67	S	Ser	0.317	0.404	0.415	0.376	1	1	0	NA	NA	NA	NA	NA	NA	NA	NA	NA	NA	NA	NA
B	67	Y	Tyr	0.179	0.145	0.088	0.153	1	1	0	0.064	0.022	4.37E-03	-0.149	0.040	2.18E-04	0.170	0.027	7.39E-10	0.110	0.158	4.88E-01
B	156	D	Asp	0.176	0.207	0.132	0.193	1	0	0	0.174	0.019	5.63E-19	0.168	0.036	3.63E-06	0.187	0.024	3.90E-15	0.110	0.128	3.91E-01
B	156	L	Leu	0.275	0.399	0.257	0.351	1	0	0	NA	NA	NA	NA	NA	NA	NA	NA	NA	NA	NA	NA
B	156	R	Arg	0.090	0.128	0.078	0.113	1	0	0	0.181	0.024	7.24E-14	0.009	0.048	8.51E-01	0.246	0.029	1.02E-17	0.189	0.179	2.90E-01
B	156	W	Trp	0.008	0.063	0.047	0.044	1	0	0	-0.003	0.037	9.42E-01	-0.057	0.149	7.03E-01	0.026	0.040	5.15E-01	-0.289	0.271	2.88E-01
B	245	A	Ala	0.028	0.001	0.018	0.026	0	0	1	NA	NA	NA	NA	NA	NA	NA	NA	NA	NA	NA	NA
B	245	T	Thr	0.025	0.001	0.016	0.024	0	0	1	-0.680	0.080	3.02E-17	-0.798	0.084	4.57E-21	NA	NA	NA	0.508	0.408	2.14E-01
A	77	D	Asp	0.359	0.392	0.352	0.379	1	1	0	NA	NA	NA	NA	NA	NA	NA	NA	NA	NA	NA	NA
A	77	N	Asn	0.340	0.328	0.310	0.330	1	1	0	0.083	0.016	3.28E-07	0.045	0.030	1.32E-01	0.100	0.020	4.94E-07	-0.012	0.098	9.02E-01
A	77	S	Ser	0.019	0.064	0.041	0.048	1	1	0	-0.183	0.035	2.04E-07	-0.172	0.102	8.97E-02	-0.181	0.039	3.08E-06	-0.464	0.223	3.80E-02
B	45	E	Glu	0.372	0.373	0.321	0.370	0	1	0	NA	NA	NA	NA	NA	NA	NA	NA	NA	NA	NA	NA
B	45	G	Gly	0.000	0.000	0.000	0.000	0	1	0	NA	NA	NA	NA	NA	NA	NA	NA	NA	NA	NA	NA
B	45	K	Lys	0.179	0.235	0.252	0.218	0	1	0	0.068	0.020	6.39E-04	0.156	0.038	5.23E-05	0.035	0.024	1.52E-01	0.132	0.107	2.20E-01
B	45	M	Met	0.100	0.147	0.116	0.130	0	1	0	-0.400	0.024	1.23E-61	-0.410	0.046	1.79E-18	-0.401	0.029	1.10E-43	-0.586	0.157	2.24E-04
B	45	T	Thr	0.348	0.244	0.309	0.281	0	1	0	0.084	0.019	8.51E-06	0.158	0.032	1.10E-06	0.043	0.024	7.41E-02	0.204	0.110	6.38E-02
A	95	I	Iso	0.319	0.397	0.438	0.374	0	1	0	NA	NA	NA	NA	NA	NA	NA	NA	NA	NA	NA	NA
A	95	L	Lys	0.197	0.117	0.175	0.147	0	1	0	0.124	0.022	2.01E-08	0.110	0.035	1.70E-03	0.150	0.030	5.61E-07	-0.076	0.119	5.23E-01
A	95	V	Val	0.121	0.279	0.262	0.227	0	1	0	0.040	0.018	3.04E-02	0.121	0.042	3.70E-03	0.030	0.021	1.64E-01	0.037	0.103	7.19E-01
B	116	D	Asp	0.084	0.182	0.142	0.148	0	0	1	-0.085	0.023	2.10E-04	-0.188	0.050	1.59E-04	-0.134	0.026	4.05E-07	-0.228	0.139	1.02E-01
B	116	F	Phe	0.055	0.119	0.139	0.100	0	0	1	-0.093	0.027	6.35E-04	-0.313	0.062	5.65E-07	-0.116	0.031	2.17E-04	-0.285	0.147	5.38E-02
B	116	L	Leu	0.104	0.082	0.083	0.089	0	0	1	0.068	0.028	1.69E-02	0.155	0.048	1.21E-03	-0.061	0.036	8.63E-02	-0.191	0.160	2.35E-01
B	116	S	Ser	0.393	0.239	0.236	0.288	0	0	1	-0.057	0.019	2.99E-03	NA	NA	NA	-0.208	0.024	2.54E-17	-0.118	0.119	3.21E-01
B	116	Y	Tyr	0.363	0.377	0.400	0.374	0	0	1	NA	NA	NA	-0.233	0.032	2.55E-13	NA	NA	NA	NA	NA	NA
B	63	E	Glu	0.471	0.467	0.499	0.470	0	0	1	-0.193	0.015	1.43E-37	-0.098	0.027	3.09E-04	-0.234	0.019	9.62E-36	NA	NA	NA
B	63	N	Asn	0.471	0.466	0.498	0.470	0	0	1	NA	NA	NA	NA	NA	NA	NA	NA	NA	0.247	0.088	5.28E-03
